,agent,group,model,AS_fit,DB_fit,VS_fit,SG_fit
0,0.0,0.0,DB,,,,
15,1.0,0.0,DB,,,,
30,2.0,0.0,DB,,,,
45,3.0,0.0,DB,,,,
480,0.0,1.0,VS,,,,
495,1.0,1.0,SG,,,,
510,2.0,1.0,DB,,,,
525,3.0,1.0,SG,,,,
960,0.0,2.0,VS,,,,
975,1.0,2.0,VS,,,,
990,2.0,2.0,VS,,,,
1005,3.0,2.0,DB,,,,
1440,0.0,3.0,VS,,,,
1455,1.0,3.0,AS,,,,
1470,2.0,3.0,AS,,,,
1485,3.0,3.0,SG,,,,
1920,0.0,4.0,VS,,,,
1935,1.0,4.0,DB,,,,
1950,2.0,4.0,DB,,,,
1965,3.0,4.0,SG,,,,
2400,0.0,5.0,AS,,,,
2415,1.0,5.0,AS,,,,
2430,2.0,5.0,DB,,,,
2445,3.0,5.0,VS,,,,
2880,0.0,6.0,AS,,,,
2895,1.0,6.0,AS,,,,
2910,2.0,6.0,SG,,,,
2925,3.0,6.0,SG,,,,
3360,0.0,7.0,SG,,,,
3375,1.0,7.0,DB,,,,
3390,2.0,7.0,AS,,,,
3405,3.0,7.0,SG,,,,
3840,0.0,8.0,VS,,,,
3855,1.0,8.0,VS,,,,
3870,2.0,8.0,SG,,,,
3885,3.0,8.0,AS,,,,
4320,0.0,9.0,VS,,,,
4335,1.0,9.0,SG,,,,
4350,2.0,9.0,VS,,,,
4365,3.0,9.0,SG,,,,
4800,0.0,10.0,DB,,,,
4815,1.0,10.0,SG,,,,
4830,2.0,10.0,AS,,,,
4845,3.0,10.0,AS,,,,
5280,0.0,11.0,VS,,,,
5295,1.0,11.0,VS,,,,
5310,2.0,11.0,AS,,,,
5325,3.0,11.0,SG,,,,
5760,0.0,12.0,SG,,,,
5775,1.0,12.0,SG,,,,
5790,2.0,12.0,SG,,,,
5805,3.0,12.0,DB,,,,
6240,0.0,13.0,DB,,,,
6255,1.0,13.0,DB,,,,
6270,2.0,13.0,AS,,,,
6285,3.0,13.0,SG,,,,
6720,0.0,14.0,SG,,,,
6735,1.0,14.0,DB,,,,
6750,2.0,14.0,VS,,,,
6765,3.0,14.0,SG,,,,
7200,0.0,15.0,VS,,,,
7215,1.0,15.0,DB,,,,
7230,2.0,15.0,DB,,,,
7245,3.0,15.0,AS,,,,
7680,0.0,16.0,AS,,,,
7695,1.0,16.0,DB,,,,
7710,2.0,16.0,SG,,,,
7725,3.0,16.0,DB,,,,
8160,0.0,17.0,SG,,,,
8175,1.0,17.0,SG,,,,
8190,2.0,17.0,AS,,,,
8205,3.0,17.0,DB,,,,
8640,0.0,18.0,DB,,,,
8655,1.0,18.0,DB,,,,
8670,2.0,18.0,VS,,,,
8685,3.0,18.0,AS,,,,
9120,0.0,19.0,DB,,,,
9135,1.0,19.0,DB,,,,
9150,2.0,19.0,SG,,,,
9165,3.0,19.0,VS,,,,
9600,0.0,20.0,VS,,,,
9615,1.0,20.0,SG,,,,
9630,2.0,20.0,AS,,,,
9645,3.0,20.0,AS,,,,
10080,0.0,21.0,VS,,,,
10095,1.0,21.0,SG,,,,
10110,2.0,21.0,DB,,,,
10125,3.0,21.0,VS,,,,
10560,0.0,22.0,AS,,,,
10575,1.0,22.0,AS,,,,
10590,2.0,22.0,DB,,,,
10605,3.0,22.0,DB,,,,
11040,0.0,23.0,AS,,,,
11055,1.0,23.0,AS,,,,
11070,2.0,23.0,DB,,,,
11085,3.0,23.0,SG,,,,
11520,0.0,24.0,AS,,,,
11535,1.0,24.0,VS,,,,
11550,2.0,24.0,AS,,,,
11565,3.0,24.0,AS,,,,
12000,0.0,25.0,VS,,,,
12015,1.0,25.0,SG,,,,
12030,2.0,25.0,DB,,,,
12045,3.0,25.0,AS,,,,
12480,0.0,26.0,DB,,,,
12495,1.0,26.0,VS,,,,
12510,2.0,26.0,SG,,,,
12525,3.0,26.0,SG,,,,
12960,0.0,27.0,VS,,,,
12975,1.0,27.0,SG,,,,
12990,2.0,27.0,SG,,,,
13005,3.0,27.0,AS,,,,
13440,0.0,28.0,VS,,,,
13455,1.0,28.0,DB,,,,
13470,2.0,28.0,VS,,,,
13485,3.0,28.0,SG,,,,
13920,0.0,29.0,SG,,,,
13935,1.0,29.0,AS,,,,
13950,2.0,29.0,VS,,,,
13965,3.0,29.0,AS,,,,
14400,0.0,30.0,DB,,,,
14415,1.0,30.0,AS,,,,
14430,2.0,30.0,VS,,,,
14445,3.0,30.0,AS,,,,
14880,0.0,31.0,AS,,,,
14895,1.0,31.0,AS,,,,
14910,2.0,31.0,AS,,,,
14925,3.0,31.0,VS,,,,
15360,0.0,32.0,AS,,,,
15375,1.0,32.0,SG,,,,
15390,2.0,32.0,DB,,,,
15405,3.0,32.0,AS,,,,
15840,0.0,33.0,VS,,,,
15855,1.0,33.0,VS,,,,
15870,2.0,33.0,SG,,,,
15885,3.0,33.0,VS,,,,
16320,0.0,34.0,DB,,,,
16335,1.0,34.0,VS,,,,
16350,2.0,34.0,VS,,,,
16365,3.0,34.0,DB,,,,
16800,0.0,35.0,DB,,,,
16815,1.0,35.0,AS,,,,
16830,2.0,35.0,VS,,,,
16845,3.0,35.0,AS,,,,
17280,0.0,36.0,DB,,,,
17295,1.0,36.0,AS,,,,
17310,2.0,36.0,VS,,,,
17325,3.0,36.0,DB,,,,
17760,0.0,37.0,DB,,,,
17775,1.0,37.0,VS,,,,
17790,2.0,37.0,VS,,,,
17805,3.0,37.0,DB,,,,
18240,0.0,38.0,VS,,,,
18255,1.0,38.0,VS,,,,
18270,2.0,38.0,SG,,,,
18285,3.0,38.0,SG,,,,
18720,0.0,39.0,VS,,,,
18735,1.0,39.0,DB,,,,
18750,2.0,39.0,SG,,,,
18765,3.0,39.0,AS,,,,
19200,0.0,40.0,DB,,,,
19215,1.0,40.0,DB,,,,
19230,2.0,40.0,AS,,,,
19245,3.0,40.0,AS,,,,
19680,0.0,41.0,AS,,,,
19695,1.0,41.0,AS,,,,
19710,2.0,41.0,DB,,,,
19725,3.0,41.0,SG,,,,
20160,0.0,42.0,AS,,,,
20175,1.0,42.0,DB,,,,
20190,2.0,42.0,VS,,,,
20205,3.0,42.0,VS,,,,
20640,0.0,43.0,AS,,,,
20655,1.0,43.0,AS,,,,
20670,2.0,43.0,DB,,,,
20685,3.0,43.0,AS,,,,
21120,0.0,44.0,VS,,,,
21135,1.0,44.0,SG,,,,
21150,2.0,44.0,SG,,,,
21165,3.0,44.0,SG,,,,
21600,0.0,45.0,SG,,,,
21615,1.0,45.0,DB,,,,
21630,2.0,45.0,AS,,,,
21645,3.0,45.0,VS,,,,
22080,0.0,46.0,DB,,,,
22095,1.0,46.0,AS,,,,
22110,2.0,46.0,VS,,,,
22125,3.0,46.0,VS,,,,
22560,0.0,47.0,VS,,,,
22575,1.0,47.0,VS,,,,
22590,2.0,47.0,AS,,,,
22605,3.0,47.0,DB,,,,
23040,0.0,48.0,AS,,,,
23055,1.0,48.0,DB,,,,
23070,2.0,48.0,SG,,,,
23085,3.0,48.0,AS,,,,
23520,0.0,49.0,DB,,,,
23535,1.0,49.0,VS,,,,
23550,2.0,49.0,VS,,,,
23565,3.0,49.0,DB,,,,
24000,0.0,50.0,DB,,,,
24015,1.0,50.0,DB,,,,
24030,2.0,50.0,DB,,,,
24045,3.0,50.0,VS,,,,
24480,0.0,51.0,SG,,,,
24495,1.0,51.0,SG,,,,
24510,2.0,51.0,VS,,,,
24525,3.0,51.0,DB,,,,
24960,0.0,52.0,AS,,,,
24975,1.0,52.0,VS,,,,
24990,2.0,52.0,SG,,,,
25005,3.0,52.0,SG,,,,
25440,0.0,53.0,DB,,,,
25455,1.0,53.0,AS,,,,
25470,2.0,53.0,AS,,,,
25485,3.0,53.0,SG,,,,
25920,0.0,54.0,VS,,,,
25935,1.0,54.0,VS,,,,
25950,2.0,54.0,DB,,,,
25965,3.0,54.0,AS,,,,
26400,0.0,55.0,AS,,,,
26415,1.0,55.0,DB,,,,
26430,2.0,55.0,VS,,,,
26445,3.0,55.0,VS,,,,
26880,0.0,56.0,DB,,,,
26895,1.0,56.0,DB,,,,
26910,2.0,56.0,DB,,,,
26925,3.0,56.0,SG,,,,
27360,0.0,57.0,AS,,,,
27375,1.0,57.0,VS,,,,
27390,2.0,57.0,DB,,,,
27405,3.0,57.0,AS,,,,
27840,0.0,58.0,SG,,,,
27855,1.0,58.0,SG,,,,
27870,2.0,58.0,SG,,,,
27885,3.0,58.0,SG,,,,
28320,0.0,59.0,VS,,,,
28335,1.0,59.0,SG,,,,
28350,2.0,59.0,SG,,,,
28365,3.0,59.0,DB,,,,
28800,0.0,60.0,VS,,,,
28815,1.0,60.0,VS,,,,
28830,2.0,60.0,VS,,,,
28845,3.0,60.0,DB,,,,
29280,0.0,61.0,VS,,,,
29295,1.0,61.0,AS,,,,
29310,2.0,61.0,DB,,,,
29325,3.0,61.0,SG,,,,
29760,0.0,62.0,DB,,,,
29775,1.0,62.0,SG,,,,
29790,2.0,62.0,AS,,,,
29805,3.0,62.0,SG,,,,
30240,0.0,63.0,AS,,,,
30255,1.0,63.0,VS,,,,
30270,2.0,63.0,VS,,,,
30285,3.0,63.0,AS,,,,
30720,0.0,64.0,DB,,,,
30735,1.0,64.0,VS,,,,
30750,2.0,64.0,SG,,,,
30765,3.0,64.0,SG,,,,
31200,0.0,65.0,VS,,,,
31215,1.0,65.0,DB,,,,
31230,2.0,65.0,SG,,,,
31245,3.0,65.0,AS,,,,
31680,0.0,66.0,DB,,,,
31695,1.0,66.0,DB,,,,
31710,2.0,66.0,VS,,,,
31725,3.0,66.0,DB,,,,
32160,0.0,67.0,AS,,,,
32175,1.0,67.0,DB,,,,
32190,2.0,67.0,SG,,,,
32205,3.0,67.0,VS,,,,
32640,0.0,68.0,SG,,,,
32655,1.0,68.0,AS,,,,
32670,2.0,68.0,SG,,,,
32685,3.0,68.0,DB,,,,
33120,0.0,69.0,DB,,,,
33135,1.0,69.0,SG,,,,
33150,2.0,69.0,SG,,,,
33165,3.0,69.0,DB,,,,
33600,0.0,70.0,SG,,,,
33615,1.0,70.0,VS,,,,
33630,2.0,70.0,DB,,,,
33645,3.0,70.0,VS,,,,
34080,0.0,71.0,VS,,,,
34095,1.0,71.0,DB,,,,
34110,2.0,71.0,SG,,,,
34125,3.0,71.0,VS,,,,
34560,0.0,72.0,VS,,,,
34575,1.0,72.0,VS,,,,
34590,2.0,72.0,AS,,,,
34605,3.0,72.0,AS,,,,
35040,0.0,73.0,VS,,,,
35055,1.0,73.0,AS,,,,
35070,2.0,73.0,AS,,,,
35085,3.0,73.0,VS,,,,
35520,0.0,74.0,DB,,,,
35535,1.0,74.0,SG,,,,
35550,2.0,74.0,AS,,,,
35565,3.0,74.0,AS,,,,
36000,0.0,75.0,AS,,,,
36015,1.0,75.0,VS,,,,
36030,2.0,75.0,SG,,,,
36045,3.0,75.0,AS,,,,
36480,0.0,76.0,AS,,,,
36495,1.0,76.0,SG,,,,
36510,2.0,76.0,DB,,,,
36525,3.0,76.0,VS,,,,
36960,0.0,77.0,DB,,,,
36975,1.0,77.0,AS,,,,
36990,2.0,77.0,VS,,,,
37005,3.0,77.0,VS,,,,
37440,0.0,78.0,VS,,,,
37455,1.0,78.0,SG,,,,
37470,2.0,78.0,SG,,,,
37485,3.0,78.0,AS,,,,
37920,0.0,79.0,SG,,,,
37935,1.0,79.0,DB,,,,
37950,2.0,79.0,SG,,,,
37965,3.0,79.0,AS,,,,
38400,0.0,80.0,AS,,,,
38415,1.0,80.0,VS,,,,
38430,2.0,80.0,DB,,,,
38445,3.0,80.0,VS,,,,
38880,0.0,81.0,AS,,,,
38895,1.0,81.0,AS,,,,
38910,2.0,81.0,SG,,,,
38925,3.0,81.0,VS,,,,
39360,0.0,82.0,DB,,,,
39375,1.0,82.0,DB,,,,
39390,2.0,82.0,AS,,,,
39405,3.0,82.0,DB,,,,
39840,0.0,83.0,VS,,,,
39855,1.0,83.0,DB,,,,
39870,2.0,83.0,DB,,,,
39885,3.0,83.0,SG,,,,
40320,0.0,84.0,AS,,,,
40335,1.0,84.0,DB,,,,
40350,2.0,84.0,DB,,,,
40365,3.0,84.0,SG,,,,
40800,0.0,85.0,VS,,,,
40815,1.0,85.0,VS,,,,
40830,2.0,85.0,VS,,,,
40845,3.0,85.0,AS,,,,
41280,0.0,86.0,VS,,,,
41295,1.0,86.0,SG,,,,
41310,2.0,86.0,VS,,,,
41325,3.0,86.0,VS,,,,
41760,0.0,87.0,DB,,,,
41775,1.0,87.0,DB,,,,
41790,2.0,87.0,VS,,,,
41805,3.0,87.0,DB,,,,
42240,0.0,88.0,SG,,,,
42255,1.0,88.0,DB,,,,
42270,2.0,88.0,DB,,,,
42285,3.0,88.0,SG,,,,
42720,0.0,89.0,VS,,,,
42735,1.0,89.0,VS,,,,
42750,2.0,89.0,SG,,,,
42765,3.0,89.0,AS,,,,
43200,0.0,90.0,DB,,,,
43215,1.0,90.0,SG,,,,
43230,2.0,90.0,VS,,,,
43245,3.0,90.0,SG,,,,
43680,0.0,91.0,DB,,,,
43695,1.0,91.0,AS,,,,
43710,2.0,91.0,SG,,,,
43725,3.0,91.0,VS,,,,
44160,0.0,92.0,DB,,,,
44175,1.0,92.0,DB,,,,
44190,2.0,92.0,VS,,,,
44205,3.0,92.0,VS,,,,
44640,0.0,93.0,DB,,,,
44655,1.0,93.0,AS,,,,
44670,2.0,93.0,AS,,,,
44685,3.0,93.0,SG,,,,
45120,0.0,94.0,SG,,,,
45135,1.0,94.0,AS,,,,
45150,2.0,94.0,VS,,,,
45165,3.0,94.0,SG,,,,
45600,0.0,95.0,SG,55.09181311454652,55.17111881150907,59.050632646461835,53.22901734332541
45615,1.0,95.0,AS,24.971451762791197,25.498929623647797,42.32703797271067,24.990667610384733
45630,2.0,95.0,SG,40.49695198306471,40.52257522660673,37.878067743812856,31.399829374272407
45645,3.0,95.0,AS,57.17632167127301,57.09296269514854,60.51095276977406,57.14494336749508
46080,0.0,96.0,VS,,,,
46095,1.0,96.0,VS,,,,
46110,2.0,96.0,VS,,,,
46125,3.0,96.0,VS,,,,
46560,0.0,97.0,DB,,,,
46575,1.0,97.0,SG,,,,
46590,2.0,97.0,SG,,,,
46605,3.0,97.0,SG,,,,
47040,0.0,98.0,AS,,,,
47055,1.0,98.0,AS,,,,
47070,2.0,98.0,SG,,,,
47085,3.0,98.0,SG,,,,
47520,0.0,99.0,VS,,,,
47535,1.0,99.0,SG,,,,
47550,2.0,99.0,VS,,,,
47565,3.0,99.0,VS,,,,
48000,0.0,100.0,AS,,,,
48015,1.0,100.0,DB,,,,
48030,2.0,100.0,DB,,,,
48045,3.0,100.0,VS,,,,
48480,0.0,101.0,AS,,,,
48495,1.0,101.0,SG,,,,
48510,2.0,101.0,DB,,,,
48525,3.0,101.0,VS,,,,
48960,0.0,102.0,VS,,,,
48975,1.0,102.0,SG,,,,
48990,2.0,102.0,SG,,,,
49005,3.0,102.0,SG,,,,
49440,0.0,103.0,VS,,,,
49455,1.0,103.0,DB,,,,
49470,2.0,103.0,VS,,,,
49485,3.0,103.0,SG,,,,
49920,0.0,104.0,AS,,,,
49935,1.0,104.0,SG,,,,
49950,2.0,104.0,AS,,,,
49965,3.0,104.0,AS,,,,
50400,0.0,105.0,SG,,,,
50415,1.0,105.0,AS,,,,
50430,2.0,105.0,DB,,,,
50445,3.0,105.0,DB,,,,
50880,0.0,106.0,DB,,,,
50895,1.0,106.0,AS,,,,
50910,2.0,106.0,VS,,,,
50925,3.0,106.0,DB,,,,
51360,0.0,107.0,VS,,,,
51375,1.0,107.0,SG,,,,
51390,2.0,107.0,VS,,,,
51405,3.0,107.0,DB,,,,
51840,0.0,108.0,AS,,,,
51855,1.0,108.0,DB,,,,
51870,2.0,108.0,AS,,,,
51885,3.0,108.0,VS,,,,
52320,0.0,109.0,DB,,,,
52335,1.0,109.0,SG,,,,
52350,2.0,109.0,SG,,,,
52365,3.0,109.0,SG,,,,
52800,0.0,110.0,DB,,,,
52815,1.0,110.0,AS,,,,
52830,2.0,110.0,VS,,,,
52845,3.0,110.0,VS,,,,
53280,0.0,111.0,SG,,,,
53295,1.0,111.0,AS,,,,
53310,2.0,111.0,DB,,,,
53325,3.0,111.0,DB,,,,
53760,0.0,112.0,DB,,,,
53775,1.0,112.0,AS,,,,
53790,2.0,112.0,DB,,,,
53805,3.0,112.0,AS,,,,
54240,0.0,113.0,DB,,,,
54255,1.0,113.0,AS,,,,
54270,2.0,113.0,DB,,,,
54285,3.0,113.0,SG,,,,
54720,0.0,114.0,VS,,,,
54735,1.0,114.0,VS,,,,
54750,2.0,114.0,VS,,,,
54765,3.0,114.0,DB,,,,
55200,0.0,115.0,AS,,,,
55215,1.0,115.0,VS,,,,
55230,2.0,115.0,VS,,,,
55245,3.0,115.0,AS,,,,
55680,0.0,116.0,SG,,,,
55695,1.0,116.0,SG,,,,
55710,2.0,116.0,VS,,,,
55725,3.0,116.0,SG,,,,
56160,0.0,117.0,AS,,,,
56175,1.0,117.0,SG,,,,
56190,2.0,117.0,AS,,,,
56205,3.0,117.0,VS,,,,
56640,0.0,118.0,VS,,,,
56655,1.0,118.0,AS,,,,
56670,2.0,118.0,DB,,,,
56685,3.0,118.0,SG,,,,
57120,0.0,119.0,VS,,,,
57135,1.0,119.0,SG,,,,
57150,2.0,119.0,SG,,,,
57165,3.0,119.0,VS,,,,
57600,0.0,120.0,SG,,,,
57615,1.0,120.0,DB,,,,
57630,2.0,120.0,VS,,,,
57645,3.0,120.0,AS,,,,
58080,0.0,121.0,SG,,,,
58095,1.0,121.0,VS,,,,
58110,2.0,121.0,AS,,,,
58125,3.0,121.0,SG,,,,
58560,0.0,122.0,DB,,,,
58575,1.0,122.0,SG,,,,
58590,2.0,122.0,DB,,,,
58605,3.0,122.0,VS,,,,
59040,0.0,123.0,SG,,,,
59055,1.0,123.0,VS,,,,
59070,2.0,123.0,DB,,,,
59085,3.0,123.0,DB,,,,
59520,0.0,124.0,VS,,,,
59535,1.0,124.0,VS,,,,
59550,2.0,124.0,DB,,,,
59565,3.0,124.0,SG,,,,
60000,0.0,125.0,VS,,,,
60015,1.0,125.0,DB,,,,
60030,2.0,125.0,AS,,,,
60045,3.0,125.0,VS,,,,
60480,0.0,126.0,AS,,,,
60495,1.0,126.0,AS,,,,
60510,2.0,126.0,SG,,,,
60525,3.0,126.0,VS,,,,
60960,0.0,127.0,AS,,,,
60975,1.0,127.0,SG,,,,
60990,2.0,127.0,AS,,,,
61005,3.0,127.0,SG,,,,
61440,0.0,128.0,DB,,,,
61455,1.0,128.0,DB,,,,
61470,2.0,128.0,VS,,,,
61485,3.0,128.0,DB,,,,
61920,0.0,129.0,SG,,,,
61935,1.0,129.0,SG,,,,
61950,2.0,129.0,DB,,,,
61965,3.0,129.0,DB,,,,
62400,0.0,130.0,DB,,,,
62415,1.0,130.0,DB,,,,
62430,2.0,130.0,VS,,,,
62445,3.0,130.0,AS,,,,
62880,0.0,131.0,DB,,,,
62895,1.0,131.0,VS,,,,
62910,2.0,131.0,VS,,,,
62925,3.0,131.0,SG,,,,
63360,0.0,132.0,DB,,,,
63375,1.0,132.0,DB,,,,
63390,2.0,132.0,AS,,,,
63405,3.0,132.0,AS,,,,
63840,0.0,133.0,AS,,,,
63855,1.0,133.0,DB,,,,
63870,2.0,133.0,DB,,,,
63885,3.0,133.0,DB,,,,
64320,0.0,134.0,VS,,,,
64335,1.0,134.0,DB,,,,
64350,2.0,134.0,DB,,,,
64365,3.0,134.0,DB,,,,
64800,0.0,135.0,VS,,,,
64815,1.0,135.0,VS,,,,
64830,2.0,135.0,VS,,,,
64845,3.0,135.0,VS,,,,
65280,0.0,136.0,SG,,,,
65295,1.0,136.0,VS,,,,
65310,2.0,136.0,VS,,,,
65325,3.0,136.0,DB,,,,
65760,0.0,137.0,AS,,,,
65775,1.0,137.0,SG,,,,
65790,2.0,137.0,DB,,,,
65805,3.0,137.0,SG,,,,
66240,0.0,138.0,VS,,,,
66255,1.0,138.0,DB,,,,
66270,2.0,138.0,DB,,,,
66285,3.0,138.0,DB,,,,
66720,0.0,139.0,DB,,,,
66735,1.0,139.0,VS,,,,
66750,2.0,139.0,AS,,,,
66765,3.0,139.0,DB,,,,
67200,0.0,140.0,DB,,,,
67215,1.0,140.0,DB,,,,
67230,2.0,140.0,SG,,,,
67245,3.0,140.0,DB,,,,
67680,0.0,141.0,DB,,,,
67695,1.0,141.0,DB,,,,
67710,2.0,141.0,SG,,,,
67725,3.0,141.0,VS,,,,
68160,0.0,142.0,SG,,,,
68175,1.0,142.0,SG,,,,
68190,2.0,142.0,SG,,,,
68205,3.0,142.0,SG,,,,
68640,0.0,143.0,VS,,,,
68655,1.0,143.0,VS,,,,
68670,2.0,143.0,AS,,,,
68685,3.0,143.0,AS,,,,
69120,0.0,144.0,AS,,,,
69135,1.0,144.0,SG,,,,
69150,2.0,144.0,SG,,,,
69165,3.0,144.0,VS,,,,
69600,0.0,145.0,VS,,,,
69615,1.0,145.0,DB,,,,
69630,2.0,145.0,AS,,,,
69645,3.0,145.0,DB,,,,
70080,0.0,146.0,AS,,,,
70095,1.0,146.0,DB,,,,
70110,2.0,146.0,AS,,,,
70125,3.0,146.0,VS,,,,
70560,0.0,147.0,SG,,,,
70575,1.0,147.0,VS,,,,
70590,2.0,147.0,DB,,,,
70605,3.0,147.0,VS,,,,
71040,0.0,148.0,VS,,,,
71055,1.0,148.0,DB,,,,
71070,2.0,148.0,VS,,,,
71085,3.0,148.0,AS,,,,
71520,0.0,149.0,DB,,,,
71535,1.0,149.0,SG,,,,
71550,2.0,149.0,VS,,,,
71565,3.0,149.0,AS,,,,
72000,0.0,150.0,VS,,,,
72015,1.0,150.0,DB,,,,
72030,2.0,150.0,DB,,,,
72045,3.0,150.0,AS,,,,
72480,0.0,151.0,AS,,,,
72495,1.0,151.0,SG,,,,
72510,2.0,151.0,DB,,,,
72525,3.0,151.0,DB,,,,
72960,0.0,152.0,VS,,,,
72975,1.0,152.0,AS,,,,
72990,2.0,152.0,SG,,,,
73005,3.0,152.0,SG,,,,
73440,0.0,153.0,AS,,,,
73455,1.0,153.0,SG,,,,
73470,2.0,153.0,DB,,,,
73485,3.0,153.0,VS,,,,
73920,0.0,154.0,DB,,,,
73935,1.0,154.0,VS,,,,
73950,2.0,154.0,VS,,,,
73965,3.0,154.0,SG,,,,
74400,0.0,155.0,AS,,,,
74415,1.0,155.0,AS,,,,
74430,2.0,155.0,DB,,,,
74445,3.0,155.0,VS,,,,
74880,0.0,156.0,AS,,,,
74895,1.0,156.0,AS,,,,
74910,2.0,156.0,VS,,,,
74925,3.0,156.0,AS,,,,
75360,0.0,157.0,SG,,,,
75375,1.0,157.0,SG,,,,
75390,2.0,157.0,SG,,,,
75405,3.0,157.0,SG,,,,
75840,0.0,158.0,SG,,,,
75855,1.0,158.0,VS,,,,
75870,2.0,158.0,AS,,,,
75885,3.0,158.0,VS,,,,
76320,0.0,159.0,AS,,,,
76335,1.0,159.0,VS,,,,
76350,2.0,159.0,AS,,,,
76365,3.0,159.0,DB,,,,
76800,0.0,160.0,SG,,,,
76815,1.0,160.0,SG,,,,
76830,2.0,160.0,AS,,,,
76845,3.0,160.0,DB,,,,
77280,0.0,161.0,VS,,,,
77295,1.0,161.0,AS,,,,
77310,2.0,161.0,SG,,,,
77325,3.0,161.0,VS,,,,
77760,0.0,162.0,VS,,,,
77775,1.0,162.0,DB,,,,
77790,2.0,162.0,AS,,,,
77805,3.0,162.0,AS,,,,
78240,0.0,163.0,SG,,,,
78255,1.0,163.0,DB,,,,
78270,2.0,163.0,VS,,,,
78285,3.0,163.0,DB,,,,
78720,0.0,164.0,AS,,,,
78735,1.0,164.0,DB,,,,
78750,2.0,164.0,AS,,,,
78765,3.0,164.0,VS,,,,
79200,0.0,165.0,AS,,,,
79215,1.0,165.0,DB,,,,
79230,2.0,165.0,DB,,,,
79245,3.0,165.0,VS,,,,
79680,0.0,166.0,SG,,,,
79695,1.0,166.0,SG,,,,
79710,2.0,166.0,SG,,,,
79725,3.0,166.0,DB,,,,
80160,0.0,167.0,SG,,,,
80175,1.0,167.0,SG,,,,
80190,2.0,167.0,AS,,,,
80205,3.0,167.0,SG,,,,
80640,0.0,168.0,SG,,,,
80655,1.0,168.0,DB,,,,
80670,2.0,168.0,VS,,,,
80685,3.0,168.0,VS,,,,
81120,0.0,169.0,SG,,,,
81135,1.0,169.0,SG,,,,
81150,2.0,169.0,SG,,,,
81165,3.0,169.0,VS,,,,
81600,0.0,170.0,VS,,,,
81615,1.0,170.0,SG,,,,
81630,2.0,170.0,SG,,,,
81645,3.0,170.0,VS,,,,
82080,0.0,171.0,SG,,,,
82095,1.0,171.0,DB,,,,
82110,2.0,171.0,DB,,,,
82125,3.0,171.0,AS,,,,
82560,0.0,172.0,DB,,,,
82575,1.0,172.0,AS,,,,
82590,2.0,172.0,AS,,,,
82605,3.0,172.0,SG,,,,
83040,0.0,173.0,AS,,,,
83055,1.0,173.0,SG,,,,
83070,2.0,173.0,SG,,,,
83085,3.0,173.0,AS,,,,
83520,0.0,174.0,AS,,,,
83535,1.0,174.0,SG,,,,
83550,2.0,174.0,AS,,,,
83565,3.0,174.0,DB,,,,
84000,0.0,175.0,DB,,,,
84015,1.0,175.0,VS,,,,
84030,2.0,175.0,AS,,,,
84045,3.0,175.0,DB,,,,
84480,0.0,176.0,VS,,,,
84495,1.0,176.0,AS,,,,
84510,2.0,176.0,VS,,,,
84525,3.0,176.0,AS,,,,
84960,0.0,177.0,AS,,,,
84975,1.0,177.0,VS,,,,
84990,2.0,177.0,AS,,,,
85005,3.0,177.0,AS,,,,
85440,0.0,178.0,SG,,,,
85455,1.0,178.0,SG,,,,
85470,2.0,178.0,VS,,,,
85485,3.0,178.0,AS,,,,
85920,0.0,179.0,AS,,,,
85935,1.0,179.0,VS,,,,
85950,2.0,179.0,SG,,,,
85965,3.0,179.0,VS,,,,
86400,0.0,180.0,AS,,,,
86415,1.0,180.0,SG,,,,
86430,2.0,180.0,AS,,,,
86445,3.0,180.0,AS,,,,
86880,0.0,181.0,VS,,,,
86895,1.0,181.0,AS,,,,
86910,2.0,181.0,AS,,,,
86925,3.0,181.0,AS,,,,
87360,0.0,182.0,SG,,,,
87375,1.0,182.0,VS,,,,
87390,2.0,182.0,AS,,,,
87405,3.0,182.0,DB,,,,
87840,0.0,183.0,AS,,,,
87855,1.0,183.0,SG,,,,
87870,2.0,183.0,AS,,,,
87885,3.0,183.0,SG,,,,
88320,0.0,184.0,SG,,,,
88335,1.0,184.0,VS,,,,
88350,2.0,184.0,SG,,,,
88365,3.0,184.0,AS,,,,
88800,0.0,185.0,SG,,,,
88815,1.0,185.0,SG,,,,
88830,2.0,185.0,VS,,,,
88845,3.0,185.0,SG,,,,
89280,0.0,186.0,AS,,,,
89295,1.0,186.0,DB,,,,
89310,2.0,186.0,SG,,,,
89325,3.0,186.0,SG,,,,
89760,0.0,187.0,AS,,,,
89775,1.0,187.0,AS,,,,
89790,2.0,187.0,DB,,,,
89805,3.0,187.0,SG,,,,
90240,0.0,188.0,VS,,,,
90255,1.0,188.0,VS,,,,
90270,2.0,188.0,DB,,,,
90285,3.0,188.0,DB,,,,
90720,0.0,189.0,VS,,,,
90735,1.0,189.0,DB,,,,
90750,2.0,189.0,DB,,,,
90765,3.0,189.0,DB,,,,
91200,0.0,190.0,DB,,,,
91215,1.0,190.0,SG,,,,
91230,2.0,190.0,AS,,,,
91245,3.0,190.0,DB,,,,
91680,0.0,191.0,AS,,,,
91695,1.0,191.0,AS,,,,
91710,2.0,191.0,AS,,,,
91725,3.0,191.0,DB,,,,
92160,0.0,192.0,SG,,,,
92175,1.0,192.0,VS,,,,
92190,2.0,192.0,DB,,,,
92205,3.0,192.0,DB,,,,
92640,0.0,193.0,AS,,,,
92655,1.0,193.0,AS,,,,
92670,2.0,193.0,DB,,,,
92685,3.0,193.0,VS,,,,
93120,0.0,194.0,SG,,,,
93135,1.0,194.0,SG,,,,
93150,2.0,194.0,DB,,,,
93165,3.0,194.0,AS,,,,
93600,0.0,195.0,VS,,,,
93615,1.0,195.0,DB,,,,
93630,2.0,195.0,AS,,,,
93645,3.0,195.0,DB,,,,
94080,0.0,196.0,VS,,,,
94095,1.0,196.0,VS,,,,
94110,2.0,196.0,VS,,,,
94125,3.0,196.0,SG,,,,
94560,0.0,197.0,DB,,,,
94575,1.0,197.0,VS,,,,
94590,2.0,197.0,DB,,,,
94605,3.0,197.0,DB,,,,
95040,0.0,198.0,VS,,,,
95055,1.0,198.0,DB,,,,
95070,2.0,198.0,VS,,,,
95085,3.0,198.0,DB,,,,
95520,0.0,199.0,SG,,,,
95535,1.0,199.0,AS,,,,
95550,2.0,199.0,VS,,,,
95565,3.0,199.0,SG,,,,
96000,0.0,200.0,AS,,,,
96015,1.0,200.0,SG,,,,
96030,2.0,200.0,DB,,,,
96045,3.0,200.0,SG,,,,
96480,0.0,201.0,DB,,,,
96495,1.0,201.0,AS,,,,
96510,2.0,201.0,AS,,,,
96525,3.0,201.0,VS,,,,
96960,0.0,202.0,AS,,,,
96975,1.0,202.0,AS,,,,
96990,2.0,202.0,DB,,,,
97005,3.0,202.0,VS,,,,
97440,0.0,203.0,SG,,,,
97455,1.0,203.0,AS,,,,
97470,2.0,203.0,SG,,,,
97485,3.0,203.0,DB,,,,
97920,0.0,204.0,AS,,,,
97935,1.0,204.0,AS,,,,
97950,2.0,204.0,DB,,,,
97965,3.0,204.0,VS,,,,
98400,0.0,205.0,AS,,,,
98415,1.0,205.0,DB,,,,
98430,2.0,205.0,SG,,,,
98445,3.0,205.0,SG,,,,
98880,0.0,206.0,VS,,,,
98895,1.0,206.0,SG,,,,
98910,2.0,206.0,AS,,,,
98925,3.0,206.0,VS,,,,
99360,0.0,207.0,SG,,,,
99375,1.0,207.0,DB,,,,
99390,2.0,207.0,AS,,,,
99405,3.0,207.0,SG,,,,
99840,0.0,208.0,VS,,,,
99855,1.0,208.0,SG,,,,
99870,2.0,208.0,AS,,,,
99885,3.0,208.0,DB,,,,
100320,0.0,209.0,VS,,,,
100335,1.0,209.0,VS,,,,
100350,2.0,209.0,SG,,,,
100365,3.0,209.0,SG,,,,
100800,0.0,210.0,SG,,,,
100815,1.0,210.0,DB,,,,
100830,2.0,210.0,DB,,,,
100845,3.0,210.0,SG,,,,
101280,0.0,211.0,AS,,,,
101295,1.0,211.0,AS,,,,
101310,2.0,211.0,DB,,,,
101325,3.0,211.0,DB,,,,
101760,0.0,212.0,VS,,,,
101775,1.0,212.0,SG,,,,
101790,2.0,212.0,DB,,,,
101805,3.0,212.0,SG,,,,
102240,0.0,213.0,VS,,,,
102255,1.0,213.0,AS,,,,
102270,2.0,213.0,AS,,,,
102285,3.0,213.0,DB,,,,
102720,0.0,214.0,DB,,,,
102735,1.0,214.0,VS,,,,
102750,2.0,214.0,SG,,,,
102765,3.0,214.0,DB,,,,
103200,0.0,215.0,AS,,,,
103215,1.0,215.0,AS,,,,
103230,2.0,215.0,DB,,,,
103245,3.0,215.0,AS,,,,
103680,0.0,216.0,VS,,,,
103695,1.0,216.0,DB,,,,
103710,2.0,216.0,DB,,,,
103725,3.0,216.0,AS,,,,
104160,0.0,217.0,AS,,,,
104175,1.0,217.0,DB,,,,
104190,2.0,217.0,DB,,,,
104205,3.0,217.0,DB,,,,
104640,0.0,218.0,DB,,,,
104655,1.0,218.0,SG,,,,
104670,2.0,218.0,VS,,,,
104685,3.0,218.0,DB,,,,
105120,0.0,219.0,SG,,,,
105135,1.0,219.0,SG,,,,
105150,2.0,219.0,DB,,,,
105165,3.0,219.0,AS,,,,
105600,0.0,220.0,DB,,,,
105615,1.0,220.0,AS,,,,
105630,2.0,220.0,SG,,,,
105645,3.0,220.0,SG,,,,
106080,0.0,221.0,VS,,,,
106095,1.0,221.0,VS,,,,
106110,2.0,221.0,SG,,,,
106125,3.0,221.0,SG,,,,
106560,0.0,222.0,SG,,,,
106575,1.0,222.0,VS,,,,
106590,2.0,222.0,DB,,,,
106605,3.0,222.0,DB,,,,
107040,0.0,223.0,DB,,,,
107055,1.0,223.0,SG,,,,
107070,2.0,223.0,SG,,,,
107085,3.0,223.0,SG,,,,
107520,0.0,224.0,SG,,,,
107535,1.0,224.0,AS,,,,
107550,2.0,224.0,DB,,,,
107565,3.0,224.0,DB,,,,
108000,0.0,225.0,AS,,,,
108015,1.0,225.0,DB,,,,
108030,2.0,225.0,AS,,,,
108045,3.0,225.0,SG,,,,
108480,0.0,226.0,VS,,,,
108495,1.0,226.0,AS,,,,
108510,2.0,226.0,DB,,,,
108525,3.0,226.0,SG,,,,
108960,0.0,227.0,DB,,,,
108975,1.0,227.0,SG,,,,
108990,2.0,227.0,VS,,,,
109005,3.0,227.0,AS,,,,
109440,0.0,228.0,AS,,,,
109455,1.0,228.0,SG,,,,
109470,2.0,228.0,VS,,,,
109485,3.0,228.0,DB,,,,
109920,0.0,229.0,DB,,,,
109935,1.0,229.0,DB,,,,
109950,2.0,229.0,DB,,,,
109965,3.0,229.0,VS,,,,
110400,0.0,230.0,VS,,,,
110415,1.0,230.0,VS,,,,
110430,2.0,230.0,AS,,,,
110445,3.0,230.0,AS,,,,
110880,0.0,231.0,SG,,,,
110895,1.0,231.0,VS,,,,
110910,2.0,231.0,VS,,,,
110925,3.0,231.0,SG,,,,
111360,0.0,232.0,DB,,,,
111375,1.0,232.0,DB,,,,
111390,2.0,232.0,DB,,,,
111405,3.0,232.0,AS,,,,
111840,0.0,233.0,AS,,,,
111855,1.0,233.0,AS,,,,
111870,2.0,233.0,DB,,,,
111885,3.0,233.0,AS,,,,
112320,0.0,234.0,SG,,,,
112335,1.0,234.0,VS,,,,
112350,2.0,234.0,AS,,,,
112365,3.0,234.0,AS,,,,
112800,0.0,235.0,DB,,,,
112815,1.0,235.0,SG,,,,
112830,2.0,235.0,AS,,,,
112845,3.0,235.0,SG,,,,
113280,0.0,236.0,AS,,,,
113295,1.0,236.0,AS,,,,
113310,2.0,236.0,SG,,,,
113325,3.0,236.0,VS,,,,
113760,0.0,237.0,AS,,,,
113775,1.0,237.0,VS,,,,
113790,2.0,237.0,VS,,,,
113805,3.0,237.0,AS,,,,
114240,0.0,238.0,AS,,,,
114255,1.0,238.0,DB,,,,
114270,2.0,238.0,AS,,,,
114285,3.0,238.0,DB,,,,
114720,0.0,239.0,AS,,,,
114735,1.0,239.0,VS,,,,
114750,2.0,239.0,VS,,,,
114765,3.0,239.0,AS,,,,
115200,0.0,240.0,AS,,,,
115215,1.0,240.0,VS,,,,
115230,2.0,240.0,AS,,,,
115245,3.0,240.0,SG,,,,
115680,0.0,241.0,VS,,,,
115695,1.0,241.0,DB,,,,
115710,2.0,241.0,DB,,,,
115725,3.0,241.0,VS,,,,
116160,0.0,242.0,DB,,,,
116175,1.0,242.0,AS,,,,
116190,2.0,242.0,AS,,,,
116205,3.0,242.0,AS,,,,
116640,0.0,243.0,SG,,,,
116655,1.0,243.0,VS,,,,
116670,2.0,243.0,DB,,,,
116685,3.0,243.0,AS,,,,
117120,0.0,244.0,DB,,,,
117135,1.0,244.0,SG,,,,
117150,2.0,244.0,SG,,,,
117165,3.0,244.0,DB,,,,
117600,0.0,245.0,DB,,,,
117615,1.0,245.0,VS,,,,
117630,2.0,245.0,SG,,,,
117645,3.0,245.0,AS,,,,
118080,0.0,246.0,SG,,,,
118095,1.0,246.0,AS,,,,
118110,2.0,246.0,VS,,,,
118125,3.0,246.0,DB,,,,
118560,0.0,247.0,AS,,,,
118575,1.0,247.0,VS,,,,
118590,2.0,247.0,DB,,,,
118605,3.0,247.0,SG,,,,
119040,0.0,248.0,AS,,,,
119055,1.0,248.0,AS,,,,
119070,2.0,248.0,SG,,,,
119085,3.0,248.0,AS,,,,
119520,0.0,249.0,SG,,,,
119535,1.0,249.0,SG,,,,
119550,2.0,249.0,VS,,,,
119565,3.0,249.0,DB,,,,
120000,0.0,250.0,SG,,,,
120015,1.0,250.0,AS,,,,
120030,2.0,250.0,VS,,,,
120045,3.0,250.0,AS,,,,
120480,0.0,251.0,DB,,,,
120495,1.0,251.0,DB,,,,
120510,2.0,251.0,AS,,,,
120525,3.0,251.0,VS,,,,
120960,0.0,252.0,SG,,,,
120975,1.0,252.0,SG,,,,
120990,2.0,252.0,SG,,,,
121005,3.0,252.0,SG,,,,
121440,0.0,253.0,SG,,,,
121455,1.0,253.0,DB,,,,
121470,2.0,253.0,VS,,,,
121485,3.0,253.0,AS,,,,
121920,0.0,254.0,DB,,,,
121935,1.0,254.0,SG,,,,
121950,2.0,254.0,DB,,,,
121965,3.0,254.0,AS,,,,
122400,0.0,255.0,AS,,,,
122415,1.0,255.0,DB,,,,
122430,2.0,255.0,VS,,,,
122445,3.0,255.0,SG,,,,
122880,0.0,256.0,SG,,,,
122895,1.0,256.0,AS,,,,
122910,2.0,256.0,DB,,,,
122925,3.0,256.0,VS,,,,
123360,0.0,257.0,AS,,,,
123375,1.0,257.0,AS,,,,
123390,2.0,257.0,DB,,,,
123405,3.0,257.0,DB,,,,
123840,0.0,258.0,SG,,,,
123855,1.0,258.0,AS,,,,
123870,2.0,258.0,SG,,,,
123885,3.0,258.0,DB,,,,
124320,0.0,259.0,VS,,,,
124335,1.0,259.0,DB,,,,
124350,2.0,259.0,SG,,,,
124365,3.0,259.0,DB,,,,
124800,0.0,260.0,VS,,,,
124815,1.0,260.0,SG,,,,
124830,2.0,260.0,VS,,,,
124845,3.0,260.0,AS,,,,
125280,0.0,261.0,SG,,,,
125295,1.0,261.0,DB,,,,
125310,2.0,261.0,AS,,,,
125325,3.0,261.0,AS,,,,
125760,0.0,262.0,VS,,,,
125775,1.0,262.0,AS,,,,
125790,2.0,262.0,SG,,,,
125805,3.0,262.0,DB,,,,
126240,0.0,263.0,DB,,,,
126255,1.0,263.0,DB,,,,
126270,2.0,263.0,DB,,,,
126285,3.0,263.0,DB,,,,
126720,0.0,264.0,DB,,,,
126735,1.0,264.0,VS,,,,
126750,2.0,264.0,DB,,,,
126765,3.0,264.0,VS,,,,
127200,0.0,265.0,DB,,,,
127215,1.0,265.0,AS,,,,
127230,2.0,265.0,DB,,,,
127245,3.0,265.0,DB,,,,
127680,0.0,266.0,SG,,,,
127695,1.0,266.0,SG,,,,
127710,2.0,266.0,DB,,,,
127725,3.0,266.0,SG,,,,
128160,0.0,267.0,AS,,,,
128175,1.0,267.0,SG,,,,
128190,2.0,267.0,SG,,,,
128205,3.0,267.0,AS,,,,
128640,0.0,268.0,VS,,,,
128655,1.0,268.0,SG,,,,
128670,2.0,268.0,VS,,,,
128685,3.0,268.0,VS,,,,
129120,0.0,269.0,VS,,,,
129135,1.0,269.0,AS,,,,
129150,2.0,269.0,SG,,,,
129165,3.0,269.0,VS,,,,
129600,0.0,270.0,VS,,,,
129615,1.0,270.0,DB,,,,
129630,2.0,270.0,SG,,,,
129645,3.0,270.0,AS,,,,
130080,0.0,271.0,AS,,,,
130095,1.0,271.0,SG,,,,
130110,2.0,271.0,VS,,,,
130125,3.0,271.0,AS,,,,
130560,0.0,272.0,VS,,,,
130575,1.0,272.0,SG,,,,
130590,2.0,272.0,AS,,,,
130605,3.0,272.0,DB,,,,
131040,0.0,273.0,SG,,,,
131055,1.0,273.0,DB,,,,
131070,2.0,273.0,AS,,,,
131085,3.0,273.0,SG,,,,
131520,0.0,274.0,SG,,,,
131535,1.0,274.0,VS,,,,
131550,2.0,274.0,SG,,,,
131565,3.0,274.0,SG,,,,
132000,0.0,275.0,SG,,,,
132015,1.0,275.0,DB,,,,
132030,2.0,275.0,AS,,,,
132045,3.0,275.0,AS,,,,
132480,0.0,276.0,DB,,,,
132495,1.0,276.0,DB,,,,
132510,2.0,276.0,DB,,,,
132525,3.0,276.0,SG,,,,
132960,0.0,277.0,VS,,,,
132975,1.0,277.0,SG,,,,
132990,2.0,277.0,VS,,,,
133005,3.0,277.0,VS,,,,
133440,0.0,278.0,AS,,,,
133455,1.0,278.0,DB,,,,
133470,2.0,278.0,SG,,,,
133485,3.0,278.0,AS,,,,
133920,0.0,279.0,AS,,,,
133935,1.0,279.0,DB,,,,
133950,2.0,279.0,SG,,,,
133965,3.0,279.0,SG,,,,
134400,0.0,280.0,SG,,,,
134415,1.0,280.0,SG,,,,
134430,2.0,280.0,SG,,,,
134445,3.0,280.0,DB,,,,
134880,0.0,281.0,DB,,,,
134895,1.0,281.0,SG,,,,
134910,2.0,281.0,SG,,,,
134925,3.0,281.0,DB,,,,
135360,0.0,282.0,DB,,,,
135375,1.0,282.0,AS,,,,
135390,2.0,282.0,DB,,,,
135405,3.0,282.0,DB,,,,
135840,0.0,283.0,AS,,,,
135855,1.0,283.0,AS,,,,
135870,2.0,283.0,DB,,,,
135885,3.0,283.0,SG,,,,
136320,0.0,284.0,DB,,,,
136335,1.0,284.0,AS,,,,
136350,2.0,284.0,AS,,,,
136365,3.0,284.0,VS,,,,
136800,0.0,285.0,SG,,,,
136815,1.0,285.0,SG,,,,
136830,2.0,285.0,DB,,,,
136845,3.0,285.0,DB,,,,
137280,0.0,286.0,DB,,,,
137295,1.0,286.0,DB,,,,
137310,2.0,286.0,DB,,,,
137325,3.0,286.0,DB,,,,
137760,0.0,287.0,DB,,,,
137775,1.0,287.0,SG,,,,
137790,2.0,287.0,AS,,,,
137805,3.0,287.0,SG,,,,
138240,0.0,288.0,SG,,,,
138255,1.0,288.0,AS,,,,
138270,2.0,288.0,VS,,,,
138285,3.0,288.0,VS,,,,
138720,0.0,289.0,VS,,,,
138735,1.0,289.0,SG,,,,
138750,2.0,289.0,AS,,,,
138765,3.0,289.0,DB,,,,
139200,0.0,290.0,VS,,,,
139215,1.0,290.0,DB,,,,
139230,2.0,290.0,SG,,,,
139245,3.0,290.0,AS,,,,
139680,0.0,291.0,SG,,,,
139695,1.0,291.0,VS,,,,
139710,2.0,291.0,SG,,,,
139725,3.0,291.0,AS,,,,
140160,0.0,292.0,AS,,,,
140175,1.0,292.0,AS,,,,
140190,2.0,292.0,AS,,,,
140205,3.0,292.0,SG,,,,
140640,0.0,293.0,SG,,,,
140655,1.0,293.0,DB,,,,
140670,2.0,293.0,AS,,,,
140685,3.0,293.0,DB,,,,
141120,0.0,294.0,VS,,,,
141135,1.0,294.0,DB,,,,
141150,2.0,294.0,DB,,,,
141165,3.0,294.0,DB,,,,
141600,0.0,295.0,DB,,,,
141615,1.0,295.0,AS,,,,
141630,2.0,295.0,VS,,,,
141645,3.0,295.0,DB,,,,
142080,0.0,296.0,SG,,,,
142095,1.0,296.0,VS,,,,
142110,2.0,296.0,AS,,,,
142125,3.0,296.0,VS,,,,
142560,0.0,297.0,AS,,,,
142575,1.0,297.0,VS,,,,
142590,2.0,297.0,SG,,,,
142605,3.0,297.0,VS,,,,
143040,0.0,298.0,AS,,,,
143055,1.0,298.0,SG,,,,
143070,2.0,298.0,AS,,,,
143085,3.0,298.0,VS,,,,
143520,0.0,299.0,DB,,,,
143535,1.0,299.0,AS,,,,
143550,2.0,299.0,AS,,,,
143565,3.0,299.0,AS,,,,
144000,0.0,300.0,SG,,,,
144015,1.0,300.0,VS,,,,
144030,2.0,300.0,VS,,,,
144045,3.0,300.0,DB,,,,
144480,0.0,301.0,VS,,,,
144495,1.0,301.0,SG,,,,
144510,2.0,301.0,DB,,,,
144525,3.0,301.0,AS,,,,
144960,0.0,302.0,AS,,,,
144975,1.0,302.0,DB,,,,
144990,2.0,302.0,AS,,,,
145005,3.0,302.0,VS,,,,
145440,0.0,303.0,SG,,,,
145455,1.0,303.0,DB,,,,
145470,2.0,303.0,DB,,,,
145485,3.0,303.0,SG,,,,
145920,0.0,304.0,VS,,,,
145935,1.0,304.0,SG,,,,
145950,2.0,304.0,DB,,,,
145965,3.0,304.0,SG,,,,
146400,0.0,305.0,VS,,,,
146415,1.0,305.0,SG,,,,
146430,2.0,305.0,DB,,,,
146445,3.0,305.0,DB,,,,
146880,0.0,306.0,DB,,,,
146895,1.0,306.0,SG,,,,
146910,2.0,306.0,AS,,,,
146925,3.0,306.0,DB,,,,
147360,0.0,307.0,AS,,,,
147375,1.0,307.0,VS,,,,
147390,2.0,307.0,SG,,,,
147405,3.0,307.0,VS,,,,
147840,0.0,308.0,AS,,,,
147855,1.0,308.0,SG,,,,
147870,2.0,308.0,SG,,,,
147885,3.0,308.0,AS,,,,
148320,0.0,309.0,VS,,,,
148335,1.0,309.0,SG,,,,
148350,2.0,309.0,VS,,,,
148365,3.0,309.0,VS,,,,
148800,0.0,310.0,SG,,,,
148815,1.0,310.0,AS,,,,
148830,2.0,310.0,AS,,,,
148845,3.0,310.0,AS,,,,
149280,0.0,311.0,SG,,,,
149295,1.0,311.0,SG,,,,
149310,2.0,311.0,VS,,,,
149325,3.0,311.0,SG,,,,
149760,0.0,312.0,SG,,,,
149775,1.0,312.0,VS,,,,
149790,2.0,312.0,AS,,,,
149805,3.0,312.0,VS,,,,
150240,0.0,313.0,SG,,,,
150255,1.0,313.0,AS,,,,
150270,2.0,313.0,SG,,,,
150285,3.0,313.0,DB,,,,
150720,0.0,314.0,AS,,,,
150735,1.0,314.0,SG,,,,
150750,2.0,314.0,SG,,,,
150765,3.0,314.0,AS,,,,
151200,0.0,315.0,SG,,,,
151215,1.0,315.0,SG,,,,
151230,2.0,315.0,AS,,,,
151245,3.0,315.0,DB,,,,
151680,0.0,316.0,VS,,,,
151695,1.0,316.0,SG,,,,
151710,2.0,316.0,DB,,,,
151725,3.0,316.0,AS,,,,
152160,0.0,317.0,DB,,,,
152175,1.0,317.0,DB,,,,
152190,2.0,317.0,VS,,,,
152205,3.0,317.0,SG,,,,
152640,0.0,318.0,AS,,,,
152655,1.0,318.0,AS,,,,
152670,2.0,318.0,SG,,,,
152685,3.0,318.0,AS,,,,
153120,0.0,319.0,VS,,,,
153135,1.0,319.0,SG,,,,
153150,2.0,319.0,VS,,,,
153165,3.0,319.0,AS,,,,
153600,0.0,320.0,DB,,,,
153615,1.0,320.0,AS,,,,
153630,2.0,320.0,VS,,,,
153645,3.0,320.0,AS,,,,
154080,0.0,321.0,VS,,,,
154095,1.0,321.0,DB,,,,
154110,2.0,321.0,AS,,,,
154125,3.0,321.0,AS,,,,
154560,0.0,322.0,VS,,,,
154575,1.0,322.0,DB,,,,
154590,2.0,322.0,DB,,,,
154605,3.0,322.0,SG,,,,
155040,0.0,323.0,DB,,,,
155055,1.0,323.0,SG,,,,
155070,2.0,323.0,SG,,,,
155085,3.0,323.0,DB,,,,
155520,0.0,324.0,AS,,,,
155535,1.0,324.0,AS,,,,
155550,2.0,324.0,VS,,,,
155565,3.0,324.0,VS,,,,
156000,0.0,325.0,SG,,,,
156015,1.0,325.0,VS,,,,
156030,2.0,325.0,AS,,,,
156045,3.0,325.0,DB,,,,
156480,0.0,326.0,VS,,,,
156495,1.0,326.0,DB,,,,
156510,2.0,326.0,VS,,,,
156525,3.0,326.0,AS,,,,
156960,0.0,327.0,VS,,,,
156975,1.0,327.0,SG,,,,
156990,2.0,327.0,DB,,,,
157005,3.0,327.0,VS,,,,
157440,0.0,328.0,DB,,,,
157455,1.0,328.0,SG,,,,
157470,2.0,328.0,AS,,,,
157485,3.0,328.0,SG,,,,
157920,0.0,329.0,SG,,,,
157935,1.0,329.0,DB,,,,
157950,2.0,329.0,DB,,,,
157965,3.0,329.0,VS,,,,
158400,0.0,330.0,SG,,,,
158415,1.0,330.0,VS,,,,
158430,2.0,330.0,VS,,,,
158445,3.0,330.0,SG,,,,
158880,0.0,331.0,DB,,,,
158895,1.0,331.0,VS,,,,
158910,2.0,331.0,SG,,,,
158925,3.0,331.0,VS,,,,
159360,0.0,332.0,DB,,,,
159375,1.0,332.0,AS,,,,
159390,2.0,332.0,AS,,,,
159405,3.0,332.0,AS,,,,
159840,0.0,333.0,DB,,,,
159855,1.0,333.0,DB,,,,
159870,2.0,333.0,DB,,,,
159885,3.0,333.0,DB,,,,
160320,0.0,334.0,VS,,,,
160335,1.0,334.0,AS,,,,
160350,2.0,334.0,SG,,,,
160365,3.0,334.0,AS,,,,
160800,0.0,335.0,SG,,,,
160815,1.0,335.0,DB,,,,
160830,2.0,335.0,AS,,,,
160845,3.0,335.0,AS,,,,
161280,0.0,336.0,VS,,,,
161295,1.0,336.0,AS,,,,
161310,2.0,336.0,SG,,,,
161325,3.0,336.0,AS,,,,
161760,0.0,337.0,AS,,,,
161775,1.0,337.0,SG,,,,
161790,2.0,337.0,AS,,,,
161805,3.0,337.0,DB,,,,
162240,0.0,338.0,SG,,,,
162255,1.0,338.0,DB,,,,
162270,2.0,338.0,VS,,,,
162285,3.0,338.0,SG,,,,
162720,0.0,339.0,AS,,,,
162735,1.0,339.0,DB,,,,
162750,2.0,339.0,DB,,,,
162765,3.0,339.0,AS,,,,
163200,0.0,340.0,SG,,,,
163215,1.0,340.0,VS,,,,
163230,2.0,340.0,SG,,,,
163245,3.0,340.0,DB,,,,
163680,0.0,341.0,AS,,,,
163695,1.0,341.0,SG,,,,
163710,2.0,341.0,AS,,,,
163725,3.0,341.0,AS,,,,
164160,0.0,342.0,AS,,,,
164175,1.0,342.0,VS,,,,
164190,2.0,342.0,SG,,,,
164205,3.0,342.0,VS,,,,
164640,0.0,343.0,DB,,,,
164655,1.0,343.0,AS,,,,
164670,2.0,343.0,AS,,,,
164685,3.0,343.0,DB,,,,
165120,0.0,344.0,DB,,,,
165135,1.0,344.0,AS,,,,
165150,2.0,344.0,VS,,,,
165165,3.0,344.0,AS,,,,
165600,0.0,345.0,VS,,,,
165615,1.0,345.0,AS,,,,
165630,2.0,345.0,DB,,,,
165645,3.0,345.0,VS,,,,
166080,0.0,346.0,SG,,,,
166095,1.0,346.0,AS,,,,
166110,2.0,346.0,SG,,,,
166125,3.0,346.0,DB,,,,
166560,0.0,347.0,AS,,,,
166575,1.0,347.0,VS,,,,
166590,2.0,347.0,AS,,,,
166605,3.0,347.0,VS,,,,
167040,0.0,348.0,VS,,,,
167055,1.0,348.0,DB,,,,
167070,2.0,348.0,AS,,,,
167085,3.0,348.0,AS,,,,
167520,0.0,349.0,VS,,,,
167535,1.0,349.0,DB,,,,
167550,2.0,349.0,SG,,,,
167565,3.0,349.0,AS,,,,
168000,0.0,350.0,AS,,,,
168015,1.0,350.0,SG,,,,
168030,2.0,350.0,VS,,,,
168045,3.0,350.0,SG,,,,
168480,0.0,351.0,SG,,,,
168495,1.0,351.0,SG,,,,
168510,2.0,351.0,VS,,,,
168525,3.0,351.0,VS,,,,
168960,0.0,352.0,AS,,,,
168975,1.0,352.0,VS,,,,
168990,2.0,352.0,AS,,,,
169005,3.0,352.0,VS,,,,
169440,0.0,353.0,DB,,,,
169455,1.0,353.0,VS,,,,
169470,2.0,353.0,AS,,,,
169485,3.0,353.0,DB,,,,
169920,0.0,354.0,DB,,,,
169935,1.0,354.0,DB,,,,
169950,2.0,354.0,SG,,,,
169965,3.0,354.0,AS,,,,
170400,0.0,355.0,VS,,,,
170415,1.0,355.0,SG,,,,
170430,2.0,355.0,SG,,,,
170445,3.0,355.0,DB,,,,
170880,0.0,356.0,AS,,,,
170895,1.0,356.0,AS,,,,
170910,2.0,356.0,SG,,,,
170925,3.0,356.0,VS,,,,
171360,0.0,357.0,DB,,,,
171375,1.0,357.0,SG,,,,
171390,2.0,357.0,VS,,,,
171405,3.0,357.0,SG,,,,
171840,0.0,358.0,DB,,,,
171855,1.0,358.0,VS,,,,
171870,2.0,358.0,SG,,,,
171885,3.0,358.0,VS,,,,
172320,0.0,359.0,SG,,,,
172335,1.0,359.0,SG,,,,
172350,2.0,359.0,VS,,,,
172365,3.0,359.0,AS,,,,
172800,0.0,360.0,AS,,,,
172815,1.0,360.0,SG,,,,
172830,2.0,360.0,DB,,,,
172845,3.0,360.0,DB,,,,
173280,0.0,361.0,AS,,,,
173295,1.0,361.0,AS,,,,
173310,2.0,361.0,DB,,,,
173325,3.0,361.0,AS,,,,
173760,0.0,362.0,VS,,,,
173775,1.0,362.0,DB,,,,
173790,2.0,362.0,SG,,,,
173805,3.0,362.0,VS,,,,
174240,0.0,363.0,AS,,,,
174255,1.0,363.0,AS,,,,
174270,2.0,363.0,AS,,,,
174285,3.0,363.0,DB,,,,
174720,0.0,364.0,AS,,,,
174735,1.0,364.0,SG,,,,
174750,2.0,364.0,SG,,,,
174765,3.0,364.0,SG,,,,
175200,0.0,365.0,AS,,,,
175215,1.0,365.0,VS,,,,
175230,2.0,365.0,SG,,,,
175245,3.0,365.0,SG,,,,
175680,0.0,366.0,DB,,,,
175695,1.0,366.0,AS,,,,
175710,2.0,366.0,SG,,,,
175725,3.0,366.0,SG,,,,
176160,0.0,367.0,DB,,,,
176175,1.0,367.0,DB,,,,
176190,2.0,367.0,VS,,,,
176205,3.0,367.0,DB,,,,
176640,0.0,368.0,SG,,,,
176655,1.0,368.0,DB,,,,
176670,2.0,368.0,DB,,,,
176685,3.0,368.0,DB,,,,
177120,0.0,369.0,VS,,,,
177135,1.0,369.0,AS,,,,
177150,2.0,369.0,SG,,,,
177165,3.0,369.0,SG,,,,
177600,0.0,370.0,VS,,,,
177615,1.0,370.0,VS,,,,
177630,2.0,370.0,DB,,,,
177645,3.0,370.0,SG,,,,
178080,0.0,371.0,AS,,,,
178095,1.0,371.0,SG,,,,
178110,2.0,371.0,SG,,,,
178125,3.0,371.0,AS,,,,
178560,0.0,372.0,VS,,,,
178575,1.0,372.0,VS,,,,
178590,2.0,372.0,AS,,,,
178605,3.0,372.0,SG,,,,
179040,0.0,373.0,DB,,,,
179055,1.0,373.0,VS,,,,
179070,2.0,373.0,SG,,,,
179085,3.0,373.0,DB,,,,
179520,0.0,374.0,DB,,,,
179535,1.0,374.0,DB,,,,
179550,2.0,374.0,AS,,,,
179565,3.0,374.0,AS,,,,
180000,0.0,375.0,SG,,,,
180015,1.0,375.0,VS,,,,
180030,2.0,375.0,SG,,,,
180045,3.0,375.0,DB,,,,
180480,0.0,376.0,VS,,,,
180495,1.0,376.0,AS,,,,
180510,2.0,376.0,VS,,,,
180525,3.0,376.0,VS,,,,
180960,0.0,377.0,AS,,,,
180975,1.0,377.0,AS,,,,
180990,2.0,377.0,DB,,,,
181005,3.0,377.0,VS,,,,
181440,0.0,378.0,SG,,,,
181455,1.0,378.0,AS,,,,
181470,2.0,378.0,DB,,,,
181485,3.0,378.0,SG,,,,
181920,0.0,379.0,VS,,,,
181935,1.0,379.0,AS,,,,
181950,2.0,379.0,DB,,,,
181965,3.0,379.0,AS,,,,
182400,0.0,380.0,DB,,,,
182415,1.0,380.0,VS,,,,
182430,2.0,380.0,SG,,,,
182445,3.0,380.0,SG,,,,
182880,0.0,381.0,DB,,,,
182895,1.0,381.0,VS,,,,
182910,2.0,381.0,SG,,,,
182925,3.0,381.0,SG,,,,
183360,0.0,382.0,SG,,,,
183375,1.0,382.0,DB,,,,
183390,2.0,382.0,DB,,,,
183405,3.0,382.0,VS,,,,
183840,0.0,383.0,VS,,,,
183855,1.0,383.0,VS,,,,
183870,2.0,383.0,SG,,,,
183885,3.0,383.0,AS,,,,
184320,0.0,384.0,SG,,,,
184335,1.0,384.0,AS,,,,
184350,2.0,384.0,AS,,,,
184365,3.0,384.0,VS,,,,
184800,0.0,385.0,SG,,,,
184815,1.0,385.0,AS,,,,
184830,2.0,385.0,SG,,,,
184845,3.0,385.0,AS,,,,
185280,0.0,386.0,DB,,,,
185295,1.0,386.0,DB,,,,
185310,2.0,386.0,AS,,,,
185325,3.0,386.0,VS,,,,
185760,0.0,387.0,VS,,,,
185775,1.0,387.0,VS,,,,
185790,2.0,387.0,AS,,,,
185805,3.0,387.0,AS,,,,
186240,0.0,388.0,DB,,,,
186255,1.0,388.0,AS,,,,
186270,2.0,388.0,AS,,,,
186285,3.0,388.0,DB,,,,
186720,0.0,389.0,SG,,,,
186735,1.0,389.0,VS,,,,
186750,2.0,389.0,DB,,,,
186765,3.0,389.0,AS,,,,
187200,0.0,390.0,VS,,,,
187215,1.0,390.0,DB,,,,
187230,2.0,390.0,SG,,,,
187245,3.0,390.0,DB,,,,
187680,0.0,391.0,DB,,,,
187695,1.0,391.0,DB,,,,
187710,2.0,391.0,SG,,,,
187725,3.0,391.0,SG,,,,
188160,0.0,392.0,SG,,,,
188175,1.0,392.0,AS,,,,
188190,2.0,392.0,SG,,,,
188205,3.0,392.0,DB,,,,
188640,0.0,393.0,DB,,,,
188655,1.0,393.0,AS,,,,
188670,2.0,393.0,DB,,,,
188685,3.0,393.0,DB,,,,
189120,0.0,394.0,DB,,,,
189135,1.0,394.0,DB,,,,
189150,2.0,394.0,SG,,,,
189165,3.0,394.0,SG,,,,
189600,0.0,395.0,AS,,,,
189615,1.0,395.0,DB,,,,
189630,2.0,395.0,AS,,,,
189645,3.0,395.0,DB,,,,
190080,0.0,396.0,DB,,,,
190095,1.0,396.0,VS,,,,
190110,2.0,396.0,VS,,,,
190125,3.0,396.0,AS,,,,
190560,0.0,397.0,SG,,,,
190575,1.0,397.0,DB,,,,
190590,2.0,397.0,SG,,,,
190605,3.0,397.0,SG,,,,
191040,0.0,398.0,AS,,,,
191055,1.0,398.0,SG,,,,
191070,2.0,398.0,VS,,,,
191085,3.0,398.0,AS,,,,
191520,0.0,399.0,AS,,,,
191535,1.0,399.0,DB,,,,
191550,2.0,399.0,VS,,,,
191565,3.0,399.0,SG,,,,
